# relative_time, cycles_done, cur_item, corpus_count, pending_total, pending_favs, map_size, saved_crashes, saved_hangs, max_depth, execs_per_sec, total_execs, edges_found, total_crashes, servers_count
60, 651, 0, 1, 0, 0, 11.11%, 0, 0, 1, 3202.74, 195577, 1, 0, 0
65, 704, 0, 1, 0, 0, 11.11%, 0, 0, 1, 3142.13, 211413, 1, 0, 0
70, 759, 0, 1, 0, 0, 11.11%, 0, 0, 1, 3137.95, 227776, 1, 0, 0
75, 813, 0, 1, 0, 0, 11.11%, 0, 0, 1, 3118.58, 243976, 1, 0, 0
81, 863, 0, 1, 0, 0, 11.11%, 0, 0, 1, 3054.53, 258975, 1, 0, 0
86, 914, 0, 1, 0, 0, 11.11%, 0, 0, 1, 3101.21, 274513, 1, 0, 0
91, 969, 0, 1, 0, 0, 11.11%, 0, 0, 1, 3151.14, 290876, 1, 0, 0
96, 1023, 0, 1, 0, 0, 11.11%, 0, 0, 1, 3163.59, 307013, 1, 0, 0
101, 1077, 0, 1, 0, 0, 11.11%, 0, 0, 1, 3237.78, 323278, 1, 0, 0
106, 1132, 0, 1, 0, 0, 11.11%, 0, 0, 1, 3269.95, 339679, 1, 0, 0
111, 1186, 0, 1, 0, 0, 11.11%, 0, 0, 1, 3233.84, 356078, 1, 0, 0
116, 1234, 0, 1, 0, 0, 11.11%, 0, 0, 1, 2941.90, 370472, 1, 0, 0
121, 1289, 0, 1, 0, 0, 11.11%, 0, 0, 1, 3129.46, 386776, 1, 0, 0
126, 1343, 0, 1, 0, 0, 11.11%, 0, 0, 1, 3203.73, 402978, 1, 0, 0
131, 1397, 0, 1, 0, 0, 11.11%, 0, 0, 1, 3275.00, 419279, 1, 0, 0
136, 1455, 0, 1, 0, 0, 11.11%, 0, 0, 1, 3307.21, 436580, 1, 0, 0
142, 1507, 0, 1, 0, 0, 11.11%, 0, 0, 1, 3035.10, 452274, 1, 0, 0
147, 1558, 0, 1, 0, 0, 11.11%, 0, 0, 1, 3060.65, 467575, 1, 0, 0
152, 1610, 0, 1, 0, 0, 11.11%, 0, 0, 1, 3115.00, 483176, 1, 0, 0
157, 1663, 0, 1, 0, 0, 11.11%, 0, 0, 1, 3133.75, 498976, 1, 0, 0
162, 1714, 0, 1, 0, 0, 11.11%, 0, 0, 1, 3084.91, 514413, 1, 0, 0
167, 1768, 0, 1, 0, 0, 11.11%, 0, 0, 1, 3104.06, 530513, 1, 0, 0
172, 1819, 0, 1, 0, 0, 11.11%, 0, 0, 1, 3056.26, 545775, 1, 0, 0
177, 1872, 0, 1, 0, 0, 11.11%, 0, 0, 1, 3090.26, 561913, 1, 0, 0
182, 1927, 0, 1, 0, 0, 11.11%, 0, 0, 1, 3134.63, 578276, 1, 0, 0
187, 1982, 0, 1, 0, 0, 11.11%, 0, 0, 1, 3191.78, 594777, 1, 0, 0
192, 2036, 0, 1, 0, 0, 11.11%, 0, 0, 1, 3197.69, 611013, 1, 0, 0
197, 2090, 0, 1, 0, 0, 11.11%, 0, 0, 1, 3198.01, 627177, 1, 0, 0
203, 2144, 0, 1, 0, 0, 11.11%, 0, 0, 1, 3195.96, 643378, 1, 0, 0
208, 2199, 0, 1, 0, 0, 11.11%, 0, 0, 1, 3257.81, 659979, 1, 0, 0
213, 2254, 0, 1, 0, 0, 11.11%, 0, 0, 1, 3241.27, 676478, 1, 0, 0
218, 2307, 0, 1, 0, 0, 11.11%, 0, 0, 1, 3141.35, 692176, 1, 0, 0
223, 2360, 0, 1, 0, 0, 11.11%, 0, 0, 1, 3105.21, 708113, 1, 0, 0
228, 2413, 0, 1, 0, 0, 11.11%, 0, 0, 1, 3078.46, 723975, 1, 0, 0
233, 2466, 0, 1, 0, 0, 11.11%, 0, 0, 1, 3095.87, 740113, 1, 0, 0
238, 2520, 0, 1, 0, 0, 11.11%, 0, 0, 1, 3115.92, 756313, 1, 0, 0
244, 2575, 0, 1, 0, 0, 11.11%, 0, 0, 1, 3124.02, 772576, 1, 0, 0
249, 2628, 0, 1, 0, 0, 11.11%, 0, 0, 1, 3079.53, 788575, 1, 0, 0
254, 2682, 0, 1, 0, 0, 11.11%, 0, 0, 1, 3103.25, 804813, 1, 0, 0
259, 2735, 0, 1, 0, 0, 11.11%, 0, 0, 1, 3152.09, 820576, 1, 0, 0
264, 2790, 0, 1, 0, 0, 11.11%, 0, 0, 1, 3244.36, 837113, 1, 0, 0
269, 2843, 0, 1, 0, 0, 11.11%, 0, 0, 1, 3167.95, 853213, 1, 0, 0
274, 2893, 0, 1, 0, 0, 11.11%, 0, 0, 1, 3033.24, 868074, 1, 0, 0
279, 2943, 0, 1, 0, 0, 11.11%, 0, 0, 1, 2982.56, 882973, 1, 0, 0
284, 2994, 0, 1, 0, 0, 11.11%, 0, 0, 1, 2998.33, 898473, 1, 0, 0
289, 3043, 0, 1, 0, 0, 11.11%, 0, 0, 1, 2977.97, 913073, 1, 0, 0
294, 3096, 0, 1, 0, 0, 11.11%, 0, 0, 1, 3121.16, 928876, 1, 0, 0
299, 3149, 0, 1, 0, 0, 11.11%, 0, 0, 1, 3149.39, 944876, 1, 0, 0
305, 3203, 0, 1, 0, 0, 11.11%, 0, 0, 1, 3124.60, 961176, 1, 0, 0
310, 3255, 0, 1, 0, 0, 11.11%, 0, 0, 1, 3104.08, 976675, 1, 0, 0
315, 3311, 0, 1, 0, 0, 11.11%, 0, 0, 1, 3248.56, 993378, 1, 0, 0
320, 3366, 0, 1, 0, 0, 11.11%, 0, 0, 1, 3281.19, 1010013, 1, 0, 0
325, 3422, 0, 1, 0, 0, 11.11%, 0, 0, 1, 3263.20, 1026679, 1, 0, 0
330, 3478, 0, 1, 0, 0, 11.11%, 0, 0, 1, 3341.12, 1043480, 1, 0, 0
335, 3532, 0, 1, 0, 0, 11.11%, 0, 0, 1, 3226.98, 1059778, 1, 0, 0
340, 3587, 0, 1, 0, 0, 11.11%, 0, 0, 1, 3239.33, 1076278, 1, 0, 0
345, 3642, 0, 1, 0, 0, 11.11%, 0, 0, 1, 3288.91, 1092779, 1, 0, 0
350, 3696, 0, 1, 0, 0, 11.11%, 0, 0, 1, 3230.18, 1109078, 1, 0, 0
355, 3752, 0, 1, 0, 0, 11.11%, 0, 0, 1, 3295.55, 1125779, 1, 0, 0
360, 3808, 0, 1, 0, 0, 11.11%, 0, 0, 1, 3310.66, 1142480, 1, 0, 0
365, 3864, 0, 1, 0, 0, 11.11%, 0, 0, 1, 3297.79, 1159279, 1, 0, 0
370, 3917, 0, 1, 0, 0, 11.11%, 0, 0, 1, 3227.27, 1175378, 1, 0, 0
375, 3972, 0, 1, 0, 0, 11.11%, 0, 0, 1, 3268.63, 1191679, 1, 0, 0
380, 4027, 0, 1, 0, 0, 11.11%, 0, 0, 1, 3305.36, 1208380, 1, 0, 0
385, 4083, 0, 1, 0, 0, 11.11%, 0, 0, 1, 3318.35, 1224980, 1, 0, 0
390, 4138, 0, 1, 0, 0, 11.11%, 0, 0, 1, 3323.57, 1241680, 1, 0, 0
396, 4193, 0, 1, 0, 0, 11.11%, 0, 0, 1, 3264.90, 1258179, 1, 0, 0
401, 4249, 0, 1, 0, 0, 11.11%, 0, 0, 1, 3272.79, 1274779, 1, 0, 0
406, 4304, 0, 1, 0, 0, 11.11%, 0, 0, 1, 3308.86, 1291380, 1, 0, 0
411, 4359, 0, 1, 0, 0, 11.11%, 0, 0, 1, 3283.63, 1307979, 1, 0, 0
416, 4415, 0, 1, 0, 0, 11.11%, 0, 0, 1, 3334.23, 1324680, 1, 0, 0
421, 4471, 0, 1, 0, 0, 11.11%, 0, 0, 1, 3300.03, 1341314, 1, 0, 0
426, 4525, 0, 1, 0, 0, 11.11%, 0, 0, 1, 3264.72, 1357779, 1, 0, 0
431, 4578, 0, 1, 0, 0, 11.11%, 0, 0, 1, 3192.17, 1373677, 1, 0, 0
436, 4631, 0, 1, 0, 0, 11.11%, 0, 0, 1, 3136.88, 1389576, 1, 0, 0
441, 4684, 0, 1, 0, 0, 11.11%, 0, 0, 1, 3030.07, 1405274, 1, 0, 0
446, 4737, 0, 1, 0, 0, 11.11%, 0, 0, 1, 3074.89, 1421275, 1, 0, 0
451, 4787, 0, 1, 0, 0, 11.11%, 0, 0, 1, 3023.16, 1436174, 1, 0, 0
456, 4839, 0, 1, 0, 0, 11.11%, 0, 0, 1, 3044.16, 1451913, 1, 0, 0
461, 4893, 0, 1, 0, 0, 11.11%, 0, 0, 1, 3182.01, 1467977, 1, 0, 0
467, 4948, 0, 1, 0, 0, 11.11%, 0, 0, 1, 3234.98, 1484678, 1, 0, 0
472, 5004, 0, 1, 0, 0, 11.11%, 0, 0, 1, 3255.06, 1501379, 1, 0, 0
477, 5059, 0, 1, 0, 0, 11.11%, 0, 0, 1, 3241.51, 1517978, 1, 0, 0
482, 5115, 0, 1, 0, 0, 11.11%, 0, 0, 1, 3254.23, 1534579, 1, 0, 0
487, 5168, 0, 1, 0, 0, 11.11%, 0, 0, 1, 3148.22, 1550513, 1, 0, 0
492, 5223, 0, 1, 0, 0, 11.11%, 0, 0, 1, 3220.37, 1566978, 1, 0, 0
497, 5278, 0, 1, 0, 0, 11.11%, 0, 0, 1, 3249.08, 1583578, 1, 0, 0
502, 5333, 0, 1, 0, 0, 11.11%, 0, 0, 1, 3263.89, 1600079, 1, 0, 0
507, 5389, 0, 1, 0, 0, 11.11%, 0, 0, 1, 3296.46, 1616879, 1, 0, 0
512, 5444, 0, 1, 0, 0, 11.11%, 0, 0, 1, 3273.97, 1633479, 1, 0, 0
518, 5500, 0, 1, 0, 0, 11.11%, 0, 0, 1, 3247.89, 1650078, 1, 0, 0
523, 5554, 0, 1, 0, 0, 11.11%, 0, 0, 1, 3228.02, 1666413, 1, 0, 0
528, 5609, 0, 1, 0, 0, 11.11%, 0, 0, 1, 3240.58, 1682879, 1, 0, 0
533, 5665, 0, 1, 0, 0, 11.11%, 0, 0, 1, 3283.76, 1699679, 1, 0, 0
538, 5721, 0, 1, 0, 0, 11.11%, 0, 0, 1, 3296.31, 1716379, 1, 0, 0
543, 5776, 0, 1, 0, 0, 11.11%, 0, 0, 1, 3294.72, 1733079, 1, 0, 0
548, 5829, 0, 1, 0, 0, 11.11%, 0, 0, 1, 3161.16, 1748977, 1, 0, 0
553, 5883, 0, 1, 0, 0, 11.11%, 0, 0, 1, 3136.10, 1765213, 1, 0, 0
558, 5937, 0, 1, 0, 0, 11.11%, 0, 0, 1, 3165.69, 1781213, 1, 0, 0
563, 5991, 0, 1, 0, 0, 11.11%, 0, 0, 1, 3230.89, 1797578, 1, 0, 0
568, 6047, 0, 1, 0, 0, 11.11%, 0, 0, 1, 3262.53, 1814179, 1, 0, 0
573, 6099, 0, 1, 0, 0, 11.11%, 0, 0, 1, 3149.07, 1829876, 1, 0, 0
578, 6153, 0, 1, 0, 0, 11.11%, 0, 0, 1, 3142.17, 1846213, 1, 0, 0
583, 6206, 0, 1, 0, 0, 11.11%, 0, 0, 1, 3135.37, 1861913, 1, 0, 0
589, 6260, 0, 1, 0, 0, 11.11%, 0, 0, 1, 3127.39, 1878113, 1, 0, 0
594, 6313, 0, 1, 0, 0, 11.11%, 0, 0, 1, 3104.02, 1894213, 1, 0, 0
599, 6365, 0, 1, 0, 0, 11.11%, 0, 0, 1, 3111.79, 1909776, 1, 0, 0
604, 6419, 0, 1, 0, 0, 11.11%, 0, 0, 1, 3108.20, 1925876, 1, 0, 0
609, 6472, 0, 1, 0, 0, 11.11%, 0, 0, 1, 3075.89, 1941775, 1, 0, 0
614, 6523, 0, 1, 0, 0, 11.11%, 0, 0, 1, 3063.32, 1957175, 1, 0, 0
619, 6578, 0, 1, 0, 0, 11.11%, 0, 0, 1, 3173.55, 1973577, 1, 0, 0
624, 6632, 0, 1, 0, 0, 11.11%, 0, 0, 1, 3236.23, 1989878, 1, 0, 0
630, 6686, 0, 1, 0, 0, 11.11%, 0, 0, 1, 3187.48, 2006077, 1, 0, 0
635, 6741, 0, 1, 0, 0, 11.11%, 0, 0, 1, 3220.09, 2022378, 1, 0, 0
640, 6796, 0, 1, 0, 0, 11.11%, 0, 0, 1, 3188.31, 2038977, 1, 0, 0
645, 6851, 0, 1, 0, 0, 11.11%, 0, 0, 1, 3173.03, 2055477, 1, 0, 0
650, 6906, 0, 1, 0, 0, 11.11%, 0, 0, 1, 3157.75, 2071913, 1, 0, 0
655, 6961, 0, 1, 0, 0, 11.11%, 0, 0, 1, 3196.06, 2088477, 1, 0, 0
660, 7016, 0, 1, 0, 0, 11.11%, 0, 0, 1, 3227.27, 2104978, 1, 0, 0
666, 7071, 0, 1, 0, 0, 11.11%, 0, 0, 1, 3253.25, 2121478, 1, 0, 0
671, 7125, 0, 1, 0, 0, 11.11%, 0, 0, 1, 3237.46, 2137678, 1, 0, 0
676, 7181, 0, 1, 0, 0, 11.11%, 0, 0, 1, 3268.05, 2154479, 1, 0, 0
681, 7236, 0, 1, 0, 0, 11.11%, 0, 0, 1, 3282.76, 2171079, 1, 0, 0
686, 7292, 0, 1, 0, 0, 11.11%, 0, 0, 1, 3297.01, 2187880, 1, 0, 0
691, 7345, 0, 1, 0, 0, 11.11%, 0, 0, 1, 3219.57, 2203778, 1, 0, 0
696, 7401, 0, 1, 0, 0, 11.11%, 0, 0, 1, 3311.36, 2220580, 1, 0, 0
701, 7457, 0, 1, 0, 0, 11.11%, 0, 0, 1, 3312.19, 2237280, 1, 0, 0
706, 7512, 0, 1, 0, 0, 11.11%, 0, 0, 1, 3263.72, 2253713, 1, 0, 0
711, 7568, 0, 1, 0, 0, 11.11%, 0, 0, 1, 3312.44, 2270480, 1, 0, 0
716, 7623, 0, 1, 0, 0, 11.11%, 0, 0, 1, 3315.69, 2287080, 1, 0, 0
721, 7680, 0, 1, 0, 0, 11.11%, 0, 0, 1, 3280.78, 2304079, 1, 0, 0
727, 7738, 0, 1, 0, 0, 11.11%, 0, 0, 1, 3342.61, 2321480, 1, 0, 0
732, 7795, 0, 1, 0, 0, 11.11%, 0, 0, 1, 3316.94, 2338780, 1, 0, 0
737, 7850, 0, 1, 0, 0, 11.11%, 0, 0, 1, 3256.47, 2355079, 1, 0, 0
742, 7902, 0, 1, 0, 0, 11.11%, 0, 0, 1, 3168.54, 2370877, 1, 0, 0
747, 7955, 0, 1, 0, 0, 11.11%, 0, 0, 1, 3096.98, 2386813, 1, 0, 0
752, 8009, 0, 1, 0, 0, 11.11%, 0, 0, 1, 3108.69, 2402976, 1, 0, 0
757, 8063, 0, 1, 0, 0, 11.11%, 0, 0, 1, 3111.86, 2419176, 1, 0, 0
762, 8115, 0, 1, 0, 0, 11.11%, 0, 0, 1, 3116.85, 2434776, 1, 0, 0
767, 8169, 0, 1, 0, 0, 11.11%, 0, 0, 1, 3174.21, 2450777, 1, 0, 0
772, 8223, 0, 1, 0, 0, 11.11%, 0, 0, 1, 3210.12, 2467013, 1, 0, 0
777, 8278, 0, 1, 0, 0, 11.11%, 0, 0, 1, 3229.93, 2483478, 1, 0, 0
783, 8331, 0, 1, 0, 0, 11.11%, 0, 0, 1, 3104.24, 2499476, 1, 0, 0
788, 8382, 0, 1, 0, 0, 11.11%, 0, 0, 1, 2937.24, 2514772, 1, 0, 0
793, 8434, 0, 1, 0, 0, 11.11%, 0, 0, 1, 2964.98, 2530313, 1, 0, 0
798, 8486, 0, 1, 0, 0, 11.11%, 0, 0, 1, 3075.02, 2545875, 1, 0, 0
803, 8541, 0, 1, 0, 0, 11.11%, 0, 0, 1, 3238.41, 2562578, 1, 0, 0
808, 8597, 0, 1, 0, 0, 11.11%, 0, 0, 1, 3285.60, 2579379, 1, 0, 0
813, 8653, 0, 1, 0, 0, 11.11%, 0, 0, 1, 3334.19, 2596180, 1, 0, 0
818, 8708, 0, 1, 0, 0, 11.11%, 0, 0, 1, 3231.64, 2612579, 1, 0, 0
823, 8763, 0, 1, 0, 0, 11.11%, 0, 0, 1, 3224.68, 2628978, 1, 0, 0
828, 8817, 0, 1, 0, 0, 11.11%, 0, 0, 1, 3208.49, 2645277, 1, 0, 0
833, 8873, 0, 1, 0, 0, 11.11%, 0, 0, 1, 3266.06, 2662079, 1, 0, 0
839, 8927, 0, 1, 0, 0, 11.11%, 0, 0, 1, 3166.07, 2678177, 1, 0, 0
844, 8978, 0, 1, 0, 0, 11.11%, 0, 0, 1, 3092.60, 2693475, 1, 0, 0
849, 9030, 0, 1, 0, 0, 11.11%, 0, 0, 1, 3082.73, 2709313, 1, 0, 0
854, 9084, 0, 1, 0, 0, 11.11%, 0, 0, 1, 3178.16, 2725314, 1, 0, 0
859, 9139, 0, 1, 0, 0, 11.11%, 0, 0, 1, 3207.69, 2741978, 1, 0, 0
864, 9193, 0, 1, 0, 0, 11.11%, 0, 0, 1, 3110.79, 2758076, 1, 0, 0
869, 9244, 0, 1, 0, 0, 11.11%, 0, 0, 1, 3075.35, 2773513, 1, 0, 0
874, 9297, 0, 1, 0, 0, 11.11%, 0, 0, 1, 3150.05, 2789376, 1, 0, 0
879, 9353, 0, 1, 0, 0, 11.11%, 0, 0, 1, 3225.47, 2805978, 1, 0, 0
885, 9406, 0, 1, 0, 0, 11.11%, 0, 0, 1, 3120.84, 2821976, 1, 0, 0
890, 9460, 0, 1, 0, 0, 11.11%, 0, 0, 1, 3104.91, 2838113, 1, 0, 0
895, 9513, 0, 1, 0, 0, 11.11%, 0, 0, 1, 3101.91, 2854213, 1, 0, 0
900, 9567, 0, 1, 0, 0, 11.11%, 0, 0, 1, 3104.77, 2870213, 1, 0, 0
905, 9620, 0, 1, 0, 0, 11.11%, 0, 0, 1, 3085.67, 2886213, 1, 0, 0
910, 9671, 0, 1, 0, 0, 11.11%, 0, 0, 1, 3055.17, 2901475, 1, 0, 0
916, 9724, 0, 1, 0, 0, 11.11%, 0, 0, 1, 3073.91, 2917513, 1, 0, 0
921, 9776, 0, 1, 0, 0, 11.11%, 0, 0, 1, 2977.58, 2932913, 1, 0, 0
926, 9828, 0, 1, 0, 0, 11.11%, 0, 0, 1, 3055.70, 2948675, 1, 0, 0
931, 9882, 0, 1, 0, 0, 11.11%, 0, 0, 1, 3095.72, 2964713, 1, 0, 0
936, 9936, 0, 1, 0, 0, 11.11%, 0, 0, 1, 3132.92, 2981076, 1, 0, 0
941, 9989, 0, 1, 0, 0, 11.11%, 0, 0, 1, 3063.89, 2996875, 1, 0, 0
947, 10043, 0, 1, 0, 0, 11.11%, 0, 0, 1, 3097.15, 3013013, 1, 0, 0
952, 10095, 0, 1, 0, 0, 11.11%, 0, 0, 1, 3013.58, 3028613, 1, 0, 0
957, 10147, 0, 1, 0, 0, 11.11%, 0, 0, 1, 3037.30, 3044413, 1, 0, 0
962, 10201, 0, 1, 0, 0, 11.11%, 0, 0, 1, 3114.73, 3060376, 1, 0, 0
967, 10252, 0, 1, 0, 0, 11.11%, 0, 0, 1, 3112.05, 3075876, 1, 0, 0
972, 10304, 0, 1, 0, 0, 11.11%, 0, 0, 1, 3105.94, 3091513, 1, 0, 0
977, 10358, 0, 1, 0, 0, 11.11%, 0, 0, 1, 3178.85, 3107677, 1, 0, 0
982, 10412, 0, 1, 0, 0, 11.11%, 0, 0, 1, 3143.85, 3123776, 1, 0, 0
987, 10464, 0, 1, 0, 0, 11.11%, 0, 0, 1, 3048.06, 3139474, 1, 0, 0
993, 10517, 0, 1, 0, 0, 11.11%, 0, 0, 1, 3038.09, 3155174, 1, 0, 0
998, 10570, 0, 1, 0, 0, 11.11%, 0, 0, 1, 3055.32, 3171113, 1, 0, 0
1003, 10621, 0, 1, 0, 0, 11.11%, 0, 0, 1, 3053.31, 3186375, 1, 0, 0
1008, 10673, 0, 1, 0, 0, 11.11%, 0, 0, 1, 3036.28, 3202113, 1, 0, 0
1013, 10724, 0, 1, 0, 0, 11.11%, 0, 0, 1, 3033.19, 3217313, 1, 0, 0
1018, 10775, 0, 1, 0, 0, 11.11%, 0, 0, 1, 3038.18, 3232713, 1, 0, 0
1023, 10828, 0, 1, 0, 0, 11.11%, 0, 0, 1, 3123.41, 3248676, 1, 0, 0
1028, 10882, 0, 1, 0, 0, 11.11%, 0, 0, 1, 3170.92, 3264877, 1, 0, 0
1033, 10938, 0, 1, 0, 0, 11.11%, 0, 0, 1, 3235.01, 3281478, 1, 0, 0
1038, 10993, 0, 1, 0, 0, 11.11%, 0, 0, 1, 3249.25, 3298113, 1, 0, 0
1043, 11049, 0, 1, 0, 0, 11.11%, 0, 0, 1, 3278.76, 3314779, 1, 0, 0
1048, 11104, 0, 1, 0, 0, 11.11%, 0, 0, 1, 3289.06, 3331479, 1, 0, 0
1054, 11160, 0, 1, 0, 0, 11.11%, 0, 0, 1, 3292.07, 3348279, 1, 0, 0
1059, 11216, 0, 1, 0, 0, 11.11%, 0, 0, 1, 3294.76, 3365079, 1, 0, 0
1064, 11272, 0, 1, 0, 0, 11.11%, 0, 0, 1, 3299.36, 3381779, 1, 0, 0
1069, 11328, 0, 1, 0, 0, 11.11%, 0, 0, 1, 3286.06, 3398479, 1, 0, 0
1074, 11384, 0, 1, 0, 0, 11.11%, 0, 0, 1, 3294.23, 3415279, 1, 0, 0
1079, 11440, 0, 1, 0, 0, 11.11%, 0, 0, 1, 3303.47, 3432080, 1, 0, 0
1084, 11495, 0, 1, 0, 0, 11.11%, 0, 0, 1, 3266.28, 3448579, 1, 0, 0
1089, 11549, 0, 1, 0, 0, 11.11%, 0, 0, 1, 3236.14, 3464913, 1, 0, 0
1094, 11608, 0, 1, 0, 0, 11.11%, 0, 0, 1, 3359.62, 3482580, 1, 0, 0
2375, 11611, 0, 1, 0, 0, 11.11%, 0, 0, 1, 0.23, 3483613, 1, 0, 0
2380, 11669, 0, 1, 0, 0, 11.11%, 0, 0, 1, 3077.22, 3500974, 1, 0, 0
2385, 11728, 0, 1, 0, 0, 11.11%, 0, 0, 1, 3406.06, 3518582, 1, 0, 0
2390, 11787, 0, 1, 0, 0, 11.11%, 0, 0, 1, 3495.88, 3536383, 1, 0, 0
2395, 11847, 0, 1, 0, 0, 11.11%, 0, 0, 1, 3541.20, 3554184, 1, 0, 0
2400, 11906, 0, 1, 0, 0, 11.11%, 0, 0, 1, 3555.95, 3572113, 1, 0, 0
2405, 11966, 0, 1, 0, 0, 11.11%, 0, 0, 1, 3532.80, 3589884, 1, 0, 0
2411, 12025, 0, 1, 0, 0, 11.11%, 0, 0, 1, 3535.92, 3607784, 1, 0, 0
2416, 12084, 0, 1, 0, 0, 11.11%, 0, 0, 1, 3520.76, 3625384, 1, 0, 0
2421, 12142, 0, 1, 0, 0, 11.11%, 0, 0, 1, 3447.58, 3642782, 1, 0, 0
2426, 12202, 0, 1, 0, 0, 11.11%, 0, 0, 1, 3475.30, 3660713, 1, 0, 0
2431, 12260, 0, 1, 0, 0, 11.11%, 0, 0, 1, 3363.97, 3678181, 1, 0, 0
2436, 12314, 0, 1, 0, 0, 11.11%, 0, 0, 1, 3220.47, 3694513, 1, 0, 0
2441, 12370, 0, 1, 0, 0, 11.11%, 0, 0, 1, 3258.05, 3711179, 1, 0, 0
2446, 12426, 0, 1, 0, 0, 11.11%, 0, 0, 1, 3265.08, 3727879, 1, 0, 0
2451, 12480, 0, 1, 0, 0, 11.11%, 0, 0, 1, 3238.22, 3744173, 1, 0, 0
